%YAML:1.0
---
cam0: !!opencv-matrix
   rows: 1
   cols: 9
   dt: d
   data: [ 4.3129641731951233e+02, 4.3077528857601646e+02,
       6.4653015901902177e+02, 5.2120451427825685e+02,
       -2.7125775332873053e-01, -8.7861849854000834e-02,
       5.6023435889162265e-01, 0., 0. ]
Twc0: !!opencv-matrix
   rows: 3
   cols: 4
   dt: d
   data: [ 1., 0., 0., 0., 0., 1., 0., 0., 0., 0., 1., 0. ]
cam1: !!opencv-matrix
   rows: 1
   cols: 9
   dt: d
   data: [ 4.3366730337860304e+02, 4.3377366718652252e+02,
       6.5043289767844408e+02, 5.3217610796339648e+02,
       -2.5567341708788405e-01, -8.0998645840408265e-02,
       5.6043293184809229e-01, 0., 0. ]
Twc1: !!opencv-matrix
   rows: 3
   cols: 4
   dt: d
   data: [ 5.0160892202284401e-03, -1.2446352011191332e-02,
       9.9990995953163087e-01, 3.1111069091426958e+02,
       -4.9652802236104215e-02, 9.9868604260337857e-01,
       1.2680202652341772e-02, -3.2581972269830493e+00,
       -9.9875394271013351e-01, -4.9711936502369769e-02,
       4.3915020377227887e-03, -3.0250006677005149e+02 ]
cam2: !!opencv-matrix
   rows: 1
   cols: 9
   dt: d
   data: [ 4.4342294254852777e+02, 4.4269548663571004e+02,
       6.5012232252239130e+02, 5.1864631548858017e+02,
       -2.3275919129762454e-01, -8.7007852953879805e-02,
       5.6302432477866149e-01, 0., 0. ]
Twc2: !!opencv-matrix
   rows: 3
   cols: 4
   dt: d
   data: [ -9.9912757728632307e-01, -4.1543088687854141e-02,
       4.2727143873527804e-03, -4.5684542332524316e+00,
       -4.1723107975334954e-02, 9.9738123070453755e-01,
       -5.9075061567300073e-02, -3.5570993658832819e+01,
       -1.8073646121761103e-03, -5.9201794065508177e-02,
       -9.9824439943962817e-01, -6.1759896466830685e+02 ]
cam3: !!opencv-matrix
   rows: 1
   cols: 9
   dt: d
   data: [ 4.3725205336966712e+02, 4.3738251105641092e+02,
       6.4148306394889755e+02, 5.5309342913742341e+02,
       -2.6287894613485679e-01, -8.5693153628330507e-02,
       5.6177801764159951e-01, 0., 0. ]
Twc3: !!opencv-matrix
   rows: 3
   cols: 4
   dt: d
   data: [ -1.0309658021738319e-02, -5.9375126415255344e-02,
       -9.9818250100602735e-01, -3.0116931471069142e+02,
       5.1486531371731037e-02, 9.9687992136190828e-01,
       -5.9829419793145176e-02, -2.9127716209064634e+01,
       9.9862047247129027e-01, -5.2009775510466122e-02,
       -7.2204717690991169e-03, -3.0393000777920400e+02 ]
